0 1001

1 5000

2 7821

3 256000

4 147000

5 135000

6 173000

7 78000

8 123000

9 300000

10 200000

11 178000

12 123000

13 875000

14 147000

15 248000

Strona_1.txt






0 0

0 4

0 5

0 6

1 1

1 7

1 8

1 9

2 2

2 10

2 11

2 12

3 3

3 13

3 14

3 15

Hierarchia_1.txt



0 1

1 2

2 3

3 4

4 5

5 6

6 7

7 8

8 9

9 3

Topologia_1.txt





-1 0 1

0 1 0.3

0 2 0.2

0 3 0.3

0 -2 0.2

1 0 0.3

1 2 0.4

1 3 0.2

1 -2 0.1

2 0 0.3

2 1 0.3

2 3 0.3

2 -2 0.1

30 0.3

3 1 0.3

3 3 0.3

3 -2 0.1

Graf_1.txt
